0.15055677 0.2663741 0.17408977 0.28992406 0.20258164 0.01815999 -0.0232871 0.025107263
-0.25206602 -0.11136223 0.24515764 -0.4118763 0.05696988 0.13387759 0.05046518 -0.026611269
0.3189708 0.13388732 0.29698616 0.04612492 -0.3356639 -0.04661964 0.15182482 0.03556221
-0.34589463 0.00858934 -0.3081282 0.36684924 0.37448862 0.10710744 0.04954652 0.034509048
-0.1275803 -0.23557161 -0.02585316 0.18398178 0.10333189 -0.11528061 -0.37511587 -0.028009288
0.01376895 -0.17551036 -0.12133042 0.07320199 0.00404701 0.10046005 0.10546659 -0.03810666
-0.42662668 0.16798879 0.16004379 -0.19291024 0.22315858 0.18977907 -0.00940904 -0.03901503
-0.33097506 0.32403058 0.22444898 0.18068455 -0.01979732 0.27746126 -0.14131127 -0.034785222
-0.04519007 -0.2751109 0.0233701 -0.20529856 0.15666386 0.34182873 -0.1609365 0.04115119
-0.02534882 -0.06846524 0.2219405 -0.1998797 -0.41730073 0.35060972 -0.31341055 -0.02730388
-0.37334 0.27576676 -0.24099414 0.04341448 0.08173005 0.17397532 0.32817745 -0.020633595
-0.16595452 0.32522526 0.09495496 -0.19572826 -0.1030404 -0.16527402 0.02779585 -0.034014415
-0.01462252 -0.2359325 -0.00083384 0.15338516 0.02185164 -0.29700476 0.03271139 0.03534949
0.23924214 0.39903477 -0.3245729 0.09848468 -0.23619291 0.02157874 0.42545423 0.03985942
-0.36172614 0.2989524 0.20352173 0.05347666 -0.26201254 0.03369182 -0.1739271 -0.03513292
-0.3772021 0.2575137 -0.20374742 -0.17035902 0.01383071 -0.34123528 -0.12486479 -0.020678464
0.08451507 -0.02946179 0.34110135 -0.28602448 0.2704617 0.24041712 -0.32433587 0.039155792
0.011389 0.26466835 0.00051442 -0.01715458 0.1443139 0.07965382 -0.15685542 0.037558164
-0.19308048 -0.17537501 0.0539863 0.19523366 -0.17604049 -0.08105858 -0.13728021 0.02958942
0.2757182 -0.1346816 0.34573963 0.04910477 0.3353432 0.04194129 0.08528793 -0.037098188
0.3912764 -0.21125425 0.41092768 0.15774973 0.08329474 -0.17802994 0.24925208 0.04079711
0.11991054 0.19497508 0.01603635 0.15934122 0.30125344 -0.02655144 0.10083597 0.04183037
0.00103665 -0.25414523 0.07298979 0.2399523 0.24293913 -0.34464836 0.10956472 -0.03111706
-0.23567618 0.11693242 -0.15605386 -0.3600219 0.19892214 -0.09706345 -0.41056103 -0.033876523
0.28395602 -0.01180907 -0.38007337 -0.3600334 0.00545845 -0.27799097 -0.09906429 -0.034562554
0.2865876 0.33782125 -0.0889219 0.15957706 -0.4240334 -0.12620105 -0.34906155 -0.035532422
0.07600881 -0.04509096 -0.08878673 -0.25440186 -0.14668456 0.17192718 -0.33734527 0.037164524
-0.21507269 -0.12944493 0.26745027 -0.05008373 -0.32159966 0.17426623 -0.19043612 -0.03133902
-0.27924246 -0.31851074 -0.14415014 -0.3372106 0.30328828 -0.00394345 -0.08627041 0.03695783
-0.19596283 -0.20829359 0.334034 -0.09325546 -0.0585951 0.12901004 -0.00332979 -0.03169072
-0.37388077 0.18055767 -0.26473856 -0.12877207 0.30211797 0.04801454 0.16726726 -0.028037902
0.24805008 0.2843964 0.20964974 -0.24954176 -0.29531744 0.11226898 -0.23087738 0.04238569
0.01775757 -0.03685167 -0.27758524 -0.3024463 0.15700285 0.25282055 0.10045002 0.26611054 -0.36701927 0.08595614 0.00686609 0.19383314 -0.13505611 -0.266226 0.29734078 0.00086917 -0.0351828 -0.33423942 -0.04809703 0.27334484 -0.32158154 -0.34849396 0.06038663 -0.00208781 0.10717381 0.23672183 -0.22617528 0.02982758 -0.34180546 0.1021971 0.15416968 -0.2203601 -0.03616353
-0.33789688 0.23700945 -0.09515493 0.17507906 0.09865749 0.35157278 -0.2807227 -0.09975845 -0.32005838 0.26434988 -0.267706 -0.07374031 0.05659192 0.3372892 -0.04788047 -0.18983297 0.25437295 0.37065575 0.23483273 -0.18808477 -0.1183956 -0.05876853 -0.18688513 -0.07601793 0.34912285 0.26041156 0.16540152 0.09653548 -0.31350204 0.1810257 -0.34926322 -0.22987607 0.005100344
-0.23983948 0.19795322 0.0766247 0.06720888 0.3243322 -0.05417266 -0.23312066 0.37468562 -0.25212014 0.27300546 0.29475072 -0.13891946 -0.32151213 0.16234252 -0.02304172 0.28374654 -0.25351548 -0.0823875 0.16427845 0.2988082 -0.00320766 0.27879634 -0.32743478 0.29910976 0.27246425 -0.02424262 0.09044217 -0.07822714 -0.05706964 0.11592532 0.17726196 -0.11589897 -0.00684259
0.17876878 -0.20144512 -0.02871666 0.07721821 0.06013373 0.19967516 -0.1279439 0.13239758 -0.20380133 -0.0028139 0.3440955 -0.21776728 0.10699703 0.09857811 -0.31342104 -0.19373083 -0.23782393 0.19621944 -0.03068883 0.31052232 -0.2625004 -0.21744601 -0.01495716 -0.34281182 0.07370558 -0.18214387 -0.30130047 -0.1573985 0.00913545 0.30195817 0.196131 -0.17335922 0.031162824
0.12940644 -0.21809301 -0.14540862 0.40049946 -0.3172228 0.17006819 0.35479116 0.18286932 -0.18871346 -0.10526171 0.20395377 -0.07455989 0.09301399 -0.11120835 0.29583532 -0.18461543 -0.16160499 -0.14829561 0.24122792 0.0305071 -0.01086594 -0.0309495 -0.02035928 0.13201107 0.01836335 0.14794137 0.04130704 -0.27874655 -0.0813163 -0.0565355 0.07750697 -0.00200137 0.024771994
-0.22385238 0.17017442 0.08673706 0.26148817 0.1558929 0.31901392 0.06174408 -0.27895075 0.14917998 0.3393283 0.21416494 0.00639296 -0.32150984 -0.19935018 0.2594671 0.36568457 0.27762967 -0.22121926 -0.07296501 -0.3278302 -0.07328323 -0.03947724 0.21683584 -0.36952376 -0.3823208 -0.21711567 -0.25817093 -0.11614462 0.05123781 -0.04517621 -0.10770194 -0.10721919 -0.0040755
0.08179016 -0.10929263 0.08272242 -0.0026571 0.15923348 0.2688181 -0.00430237 -0.15900934 -0.24601823 -0.08745165 -0.18097408 -0.02235432 0.09518324 -0.11214972 0.17878574 0.07824336 0.37568566 0.11162066 0.0957033 0.1638054 -0.00534962 -0.25657898 -0.13616136 -0.23797384 -0.28189626 -0.3328018 0.08533153 -0.33877367 0.33700466 0.11265062 0.28197676 -0.14610256 0.03423092
0.31018847 0.2236173 -0.2928201 -0.06050768 0.20281188 -0.04252546 -0.07166694 0.00332934 -0.31175944 0.3257353 0.2900967 0.0313359 -0.16214995 0.21971807 0.19895013 0.2586193 0.10938553 0.32929283 -0.33032835 -0.26094905 -0.0710452 0.12292878 0.12571767 -0.37290332 -0.07488325 -0.0426837 -0.0538097 -0.01565273 0.16929947 -0.34691685 0.3158989 -0.02101339 -0.014247324
-0.34427398 -0.32247838 -0.27510926 -0.18871804 0.10438927 0.03908027 -0.06051619 0.0799606 0.27149802 0.3593361 0.26567033 -0.00852337 0.28910762 -0.07293075 -0.10327417 0.10561184 -0.12081847 -0.01427926 -0.1914472 0.05223267 0.3056003 -0.14162053 0.3135346 -0.05123946 -0.12109503 -0.14494494 -0.2004058 0.17876366 -0.07894944 0.30865523 -0.25096914 0.0549583 -0.01955226
